Mean	Max
0.0136521356495583	0.0166356231045811
0.0114163298916274	0.0142744683935116
0.0137625632596134	0.0186727197673199
0.015071962268929	0.0192254911393549
0.0157182387991951	0.0188226141171109
0.00702222006184055	0.00846356445840735
0.0115264998385119	0.0137745984712943
0.00567114779508407	0.00675750454834545
0.00640175168758667	0.00889346574680825
0.0112874189829076	0.0135036236960663
0.0143181251838468	0.0167353084260641
0.0120857031651989	0.0128567308020606
0.010842147397379	0.0124666296970042
0.00576906687830751	0.00802869233524321
0.00755503068053932	0.00981809551473315
0.00615839178025515	0.00785247353574182
0.012112040331089	0.0162784684544012
0.0132820131263214	0.0169291827397811
0.0172372412995173	0.0199919487073736
0.0140263559842666	0.0153766662821469
0.0070044031150848	0.00773304498400677
0.0120219188761275	0.0143720275986652
0.0134372030840883	0.0147588981602615
0.0320006993423208	0.0552179779239025
0.0170137985045428	0.0332731738598592
0.0117704819890904	0.0151020297167917
0.00859315378322987	0.0126759718502472
0.00819841143687913	0.0102165727686061
0.0190697962158027	0.0225533308016231
0.0111411919446396	0.0131190369098457
0.0075004256362074	0.00867864694251787
0.00736552827455607	0.00958752097577593
0.0113844019174328	0.012185146974134
0.00286574838506014	0.00458885780135201
0.00951470634654233	0.0110594010988249
0.0131374684740834	0.0150779325633018
0.0145133966226482	0.0175034040988042
0.0169559427589414	0.019732234976732
0.0147042192218767	0.016765516190144
0.00844863220874089	0.01197989285916
0.0102909570508661	0.0153415544147676
0.00538030728748694	0.00945323363652025
0.00963331928201955	0.0126243514745471
0.016129659712334	0.0168325585952947
0.0118289154656785	0.0127299767249141
0.0216901227209222	0.0253530324411276
0.0204567248073504	0.0238381019227357
0.0076667519324857	0.00916181159471344
0.0160781645917956	0.0184026438454293
0.0118836391670315	0.01420802605482
0.012012545444732	0.0143774997774698
0.0083329171627543	0.0100673497151819
0.0110034643368868	0.0123320764879184
0.00863910546414218	0.0101168657430694
0.00975588459791234	0.0123774972277438
0.00200664322071287	0.00273512830829901
0.0160661381986224	0.0194962750981494
0.00462117917044282	0.00675509238523015
0.00809162035986994	0.00977876141504948
0.0159545289095224	0.0187393953745372
0.0111550994314778	0.0154008779107855
0.0115874677646646	0.0134039957767491
0.00401472394550364	0.00614350640811867
0.00885705383732118	0.00937820387515862
0.0147819503006168	0.0153599079155694
0.00730590539927385	0.0095209204727364
0.0161827197036825	0.0196176196519928
0.00870431448096556	0.0115942679120392
0.00594311594977651	0.00746530151617129
0.00881142894597577	0.00932648194513574
0.0112212805128156	0.0137270875927736
0.00985328656534185	0.0137672453386933
0.00623463293588556	0.00801333529174198
0.0122816270361447	0.0152730835868273
0.0111285698354696	0.0139126183422777
0.0086796068351717	0.00889400504267364
0.0115360137126783	0.0124423712129516
0.00613881815985285	0.00768681579609667
0.0148117056338146	0.0175647704520182
0.0136276641801957	0.0170102867197062
0.00324488110846942	0.00395451245391631
0.0135201032193713	0.015165699273411
0.0136026645137181	0.0160371736121369
0.0204539578678598	0.0275387690523513
0.0196213434546108	0.0264289404125736
0.0129038212344616	0.0139816787892362
0.00616871764241261	0.00789612029408458
0.0146988769473069	0.0166111386867094
0.0106350167440183	0.0133700751300328
0.00749902594858185	0.0114591172327919
0.0116438665524397	0.014165000511324
0.0165672948395543	0.0184107783871152
0.0198248120244764	0.0217601457767811
0.00829115064563721	0.0116091601768048
0.00630321622003973	0.0103515940924611
0.00981513997507613	0.0142511563811601
0.00763296234634096	0.0111866114628095
0.00901741035664243	0.0114807896534314
0.0104585972279581	0.0117609363118873
0.0107758527199312	0.0113502794463146
0.00860388030825847	0.00971686337176122
0.00736319970122798	0.00957720684971198
0.0107883220539987	0.020176532250305
0.0136199576556174	0.0236409141878028
0.0135489077093472	0.0153433091806021
0.0123193924652241	0.0142469857490455
0.0192729275970781	0.024883270559668
0.010294003426751	0.0122729827954478
0.00623717812467316	0.00749097022616221
0.00557136075719866	0.00734530777808208
0.0100214481963421	0.0120427932143635
0.00489497889944826	0.00633359300856566
0.0146495569760272	0.0286777590260612
0.0114447967098809	0.0224947727246223
0.00477487373763659	0.00696213328650531
0.0109681557446427	0.0152498673446293
0.0110461493921463	0.0135338410117253
0.00205515217723461	0.00343566455180995
0.00885871778389903	0.0106132773885985
0.0192921790971845	0.0215358125025409
0.0139718358493526	0.0145871338635817
0.00537506349063248	0.00714183039301235
0.011390880351446	0.0140715018404421
0.0168041363578111	0.0185632681945832
0.0045113109159933	0.00668134085848345
0.0095346493949945	0.0113472352996736
0.00599199685142367	0.0091167384372512
0.0127094260887456	0.0154965932316456
0.0257178176269797	0.0319478163240099
0.0278046199330898	0.034531441885312
0.00704118415512572	0.0105099303243015
0.00639474338189791	0.00670111846355898
0.00738662801060911	0.00864484726475172
0.00952303278825718	0.0117123869428518
0.00812487823248088	0.00975092725593581
0.0202119471849201	0.0223935159975336
0.00894059280789752	0.0116365119183298
0.015497442468668	0.0179517442810588
0.0176476384495996	0.0219265538715276
0.0178168363391635	0.0203122923233196
0.0137472433268505	0.0152201398152772
0.00670370899920184	0.00760684350482157
0.0136860679856188	0.0158024051406445
0.0155541183999512	0.0174383079011188
0.00830932567333858	0.0091502309448249
0.00349655651340381	0.00592610782830231
0.0113010050630567	0.0130063953504294
0.0153360157938501	0.0165845007346063
0.00476219947031917	0.0075356989696154
0.00567914001973866	0.00833670426815034
0.0143738834587689	0.0164427225984435
0.00922734184359353	0.0138441359346704
0.00368393470817768	0.0089406096145441
0.00953063056218488	0.0113206028550797
0.0143383308546092	0.0155729279508616
0.00941938555724276	0.0120255120854875
0.00957743717648585	0.00999639616329361
0.0181376470440688	0.0225136487985654
0.00745075560779744	0.0142221484506712
0.00732794201735624	0.0086595426782112
0.0185542165116018	0.0263873250698482
0.0124996574485711	0.0194498813726848
0.00983572913446959	0.012173440920703
0.010056052131928	0.0125979444542223
0.0163904466238583	0.0213342147427962
0.00738282773072971	0.00954554048715223
0.0145070081689881	0.015845369223581
0.0127026984168634	0.0145601861232223
0.00912367338430371	0.0112274842215863
0.0103166252097724	0.012026347071304
0.00802030569218632	0.00918411588442315
0.00371693416382989	0.00575707652048896
0.00442195020068297	0.00678354834353593
0.0117541806451839	0.0136959930215157
0.0123923747335759	0.0137890377837465
0.00729558247910962	0.0112795835776715
0.00538876206942118	0.00595508415461803
0.0114722277836601	0.0126121522798501
0.00586910040822496	0.00827565703061774
0.0145275958146568	0.0162339314583913
0.0127877102511027	0.0137051057420327
0.0202281256118505	0.0235786239108802
0.0263055587253345	0.028971624842397
0.0078774038660516	0.00973781735296387
0.0152066892714902	0.0178006469975594
0.0152523983187453	0.0155725321223106
0.0154850079614578	0.0160302027528041
0.00954804264080017	0.0107235275943653
0.00992907855192518	0.0126466787240347
0.0226541491329972	0.037921650252584
0.0233637117155563	0.0358767580455128
0.020756053621977	0.0250650492152273
0.0186933023132727	0.0216717061051378
0.0108380044915223	0.0139625338307402
0.00488375889133223	0.00627089464979638
0.0111418078690303	0.0146589991902382
0.0080222706723413	0.00930985689980628
0.0107885785890712	0.0137449372510709
0.0109845676558034	0.0142752398309642
0.0150005612032691	0.0168300803277727
0.0226970752377892	0.0253879581605659
0.0131249965486125	0.0158236444727286
0.0101245531014125	0.018256893311375
0.00867392165897877	0.0142684417880815
0.0180053560155653	0.0229791475232863
0.0130152453965672	0.0172061808781085
0.012290550316289	0.0137661872786387
0.0105406909767592	0.011373260514265
0.0101829117659526	0.0134123773654735
0.00540604550109714	0.0080010956080112
0.00577529661591711	0.010880296715948
0.0121959010036718	0.0158078507249831
0.013555701552983	0.0154706896898791
0.0109152724280327	0.0126785785200468
0.00984667476708014	0.0117770123162593
0.0134061916341524	0.0236792924915562
0.0157798213857036	0.0280098156869087
0.00313221411699066	0.00394374285832757
0.00798862786585937	0.00883731696174002
0.00324126269628619	0.00658438223456566
0.00757035625752478	0.00894348915416901
0.00752905006970948	0.00884200416177928
0.00437978239790413	0.00584432786735631
0.00265707769904689	0.00445909733407323
0.0163565297809937	0.0178503439022101
0.0195347435922455	0.0199028684137431
0.00894872550532409	0.0104303791191101
0.0109047147688037	0.0153870147085838
0.0159858958805087	0.0203327171360566
0.00335468247698903	0.00466659321943728
0.00549231763258768	0.00693624390483396
0.0091504069294393	0.00987586903915338
0.00988709555044784	0.0122153219183661
0.00656358070109546	0.00859951551857282
0.0126847143275721	0.015685950178779
0.00809386501908142	0.0121495029354804
0.00851269586851918	0.0110747997526358
0.00953813497639911	0.0107825400147774
0.0212766036645044	0.0264515196605149
0.0220111602908153	0.0255487968859364
0.0122558736339346	0.0147376031868557
0.00942982616539806	0.0107182186150232
0.00362843441104125	0.00404649768844193
0.0141577014001734	0.0165288443433303
0.00739053477880157	0.00879955863421844
0.0137071258794502	0.0178309140987153
0.0101847553804199	0.0137455349417751
0.012133713468502	0.0149741105267189
0.00539914899607024	0.00614079461950107
0.0128903671194784	0.0139487400583902
0.00787626797501394	0.00880341162849034
0.0165685167561149	0.0184062822750201
0.0113363021764635	0.012846820799926
0.0139995303586124	0.0153459616469581
0.0142760412027525	0.0152587799329216
0.0122738575540207	0.0142396156576526
0.0115724725028364	0.016154566386864
0.0159921968749876	0.0187030416987631
0.0123605491122812	0.0130726353177653
0.0153085287943574	0.0162257481109259
0.00921794590922548	0.0112976961544596
0.00852290019382456	0.00964187642369404
0.00925406954995138	0.010318135980702
0.00550810262009719	0.00718145944501691
0.00939362749249708	0.0112316726083074
0.0107996137213641	0.0125797184935728
0.00363951127063415	0.00401776839253458
0.00793606015696254	0.0122125782681723
0.0112337881256397	0.0141594043725917
0.016980787905676	0.0198742864592026
0.0106668702528607	0.0119535733913615
0.0139950918908065	0.0168700494139342
0.0134293084359668	0.015499286508448
0.00929447796276373	0.0105651196538132
0.0169682794681887	0.0196489232541539
0.00766466464713748	0.00861933092878179
0.0168277856282817	0.0211838486819105
0.00803098136141032	0.00912207550365145
0.0165335541708549	0.0182616829462894
0.0137127943806485	0.0141246642443246
0.0275205953857393	0.0295672003429296
0.0164717768864822	0.018362044220949
0.0216149817791202	0.022124251283305
0.0178373023564472	0.0183511465141987
0.0146336734336008	0.0158598941089202
0.0176504054580203	0.0349780441059219
0.024855774359087	0.0422948639729891
0.0256076836188131	0.037930378606095
0.0163234596559688	0.0333398077091464
0.0234181740155257	0.0272676602203146
0.0156418245321712	0.0168560607191319
0.00965500230066924	0.0130048858266098
0.0192721820909068	0.0220150357863788
0.0164231140616443	0.0200945058365847
0.00967146666940564	0.0101414317359812
0.00722619467790942	0.00918946844365847
0.00829060878376885	0.00986564694320629
0.0196368821657184	0.0218523891105394
0.0173310500651943	0.0177420183415981
0.00643534733411894	0.00729854600420138
0.0116014119801517	0.0133767442535018
0.0162620203671216	0.0183830703363803
0.0133857677827656	0.0158235449289179
0.0116496403191945	0.01332699434814
0.0200854172584313	0.0239865082781372
0.00717959469980686	0.00882490920963716
0.00857854574924769	0.0119088255470051
0.0114785229901774	0.0128297191469678
0.00228424205405232	0.0050130488250921
0.0106438913554851	0.011677075433347
0.0078166029452742	0.0111337245132649
0.00668917188916398	0.0104378285879947
0.0118015058062041	0.0154020417109381
0.0191581385742462	0.0226105568427309
0.00544735340674403	0.00689475672049917
0.01046292080115	0.0110976151746173
0.00511465755095459	0.00581854914557299
0.011686592546936	0.0135532641641894
0.0135126270592232	0.0206802571984878
0.0141233273883261	0.0186808601466664
0.00897744077560846	0.00981032715335812
0.0155463614454369	0.0168942232819569
0.00312893606664944	0.00609641611529116
0.00846764306282256	0.0112158990888143
0.0127142846133484	0.0142485218816966
0.0149700921522583	0.0181464182897053
0.0155972818810188	0.0177289275190477
0.0120318659721831	0.0139243767051853
0.0137160094856061	0.0178008848528843
0.013278309029801	0.0161463991298189
0.0122976834989658	0.0155108369434044
0.0119233194000422	0.0158134778362782
0.0220306942252402	0.0258622974629312
0.0187732167114315	0.0228235780149487
0.0104177236134458	0.0128771699398191
0.00470658408349215	0.00559896198140427
0.00697213017992067	0.00769200478974692
0.0141711444963158	0.0178577791923903
0.00956584631073321	0.0105824651741163
0.00804251591740021	0.0111990624241702
0.00728688038331101	0.0101010992526814
0.0142524295939069	0.0160871996371811
0.0312737118484842	0.0344155771858555
0.0281982529641822	0.0297939939191426
0.0229651379702069	0.0259788503378528
0.0152632347905277	0.0160030906822217
0.0175774488149882	0.0200657112237106
0.0127424546832278	0.0158715701966676
0.0159332351605606	0.0191670083355022
0.018804574270298	0.0245664503291902
0.0228848457433251	0.0275593694921995
0.014267494551156	0.0166368570653987
0.00739660005326665	0.00855422194709674
0.0154162869814992	0.017626069385395
0.0190290041029406	0.0205669439600334
0.00489164763138156	0.00659761441800836
0.00882658691950633	0.0112210107317849
0.00644044607777186	0.0074932067468418
0.00632812924210498	0.00920066003640473
0.0228866917924849	0.0234969071069024
0.0173533680876286	0.0193215010724885
0.0141300260182815	0.0183781773912338
0.00694684902423873	0.00880959638000872
0.0122197853521	0.0135753426904636
0.011835574020443	0.0148136294803083
0.00628437350356528	0.0086991738768871
0.0104737625060796	0.0137926521920463
0.0203494443633829	0.0312668224499611
0.0121212969912212	0.0218000726037941
0.00981614823854596	0.0117983072452983
0.00663412658998872	0.00855014290424682
0.009294126838292	0.0117491743939214
0.0136418791324813	0.0149124922466511
0.0192638714141767	0.0211539524513282
0.0206400638618579	0.0211020252752371
0.00389822665626366	0.00537688605531993
0.0118488231117589	0.0126470758636939
0.00429849862161516	0.00518005337113868
0.00891424390979437	0.0111864847695164
0.0145631673420703	0.0170250745928853
0.00952351358163201	0.0210308325498653
0.0109978470483072	0.0262942139709245
0.0120527076923898	0.0165688125305845
0.00704361007962234	0.00934882088792097
0.0153899051363389	0.0171375752037163
0.00974548442149396	0.0124912756751802
0.0140844354749391	0.0158781865918267
0.0239053021948657	0.0247749471011297
0.0196678518278925	0.0241519660768531
0.0162102176200876	0.0214891967358961
0.0151620731175467	0.0162596295704811
0.0230160447010081	0.0236061066796774
0.0129060284955426	0.0155759692266917
0.00889985440253922	0.00955152513521713
0.00724193081826017	0.0084832717100668
0.0116879115186916	0.0162763040569326
0.0203912219995199	0.0237930181328891
0.016715571797667	0.017206970625022
0.0201350591543194	0.0237244864008081
0.0244080016730071	0.0292145175353067
0.0113464955007471	0.0129329506332881
0.00689159244089084	0.00736668869199695
0.0153726609455342	0.0322082040108631
0.0114044630463616	0.0260568087001246
0.0134344284652507	0.0184621400296312
0.00870119077412178	0.0146100269726257
0.00659767107881763	0.0101749193840062
0.0159595484795201	0.0169178390396309
0.0130963811418289	0.0150020045846709
0.0124891391976695	0.0188662471269279
0.00958032200137851	0.0116449945903947
0.0128362931674434	0.0257677810821463
0.0162473215606269	0.0311801761199256
0.00683493976509236	0.0088260068666237
0.0161285556998796	0.0183740277933968
0.0268042367814854	0.0346893987490307
0.0127437745195943	0.0224711260293256
0.0079753347048509	0.0129016719997804
0.0098184509942162	0.0118186351333634
0.0104581315052072	0.0113648292843622
0.0108110966417888	0.0123139927121187
0.00647646688952126	0.00928896126635959
0.00767576549723024	0.0105312883870231
0.0153001854511464	0.0186545311918845
0.0170311873318887	0.0211564807570485
0.0176806749830637	0.0198430930904424
0.0187013121115311	0.0215356427276645
0.00964278675546561	0.0115846367462334
0.0127243056437229	0.0149964789077506
0.0193816761120391	0.0227560120397775
0.00895281421522711	0.0100793510631641
0.0162895894625848	0.0333166604115742
0.0304903762041691	0.0493790030184152
0.0208976442746733	0.0251013159221438
0.00471348448673438	0.00556005099126331
0.00479870212866747	0.00763733604559988
0.00598485848194797	0.00859591817251335
0.00532236169654451	0.00666006977788794
0.00580903893259868	0.00662410729436964
0.0123002917721978	0.0140883172558603
0.00500316715670741	0.0096419532377398
0.0137917868265406	0.0152521066726294
0.00633042475743868	0.00776978390780465
0.0248249243446676	0.0440531100241223
0.0202264192063216	0.0360796034534118
0.00983024271376166	0.0104078489852131
0.00960320354719117	0.0207625234123176
0.0110136866363373	0.0231105301086446
0.0171185239499862	0.0209410790035621
0.010700765561604	0.0133813220767594
0.0135288588513973	0.016483160035401
0.0281133568630491	0.0321216895237376
0.019366175011354	0.0300320124316547
0.0132511116034085	0.0241265037456922
0.0125566705751952	0.0143784284019994
0.0148994690656938	0.0154607960667431
0.0151556076863082	0.0182597102389553
0.0142955738330109	0.0194479663178828
0.0141732187720018	0.0212346594311833
0.0101874588250175	0.0137945965238398
0.00353385087521416	0.00485646423038141
0.0012644039239912	0.00278679204892408
0.0081164558633447	0.0121826177159536
0.0158432443829128	0.0182671721758983
0.0122515903319607	0.0137157546857855
0.0171648101235079	0.0219422614552747
0.0134186809017102	0.0158771341340515
0.00919583913905221	0.0114441443755139
0.0097670317767587	0.0134125927291113
0.0132034867758551	0.0157497265277145
0.0183324970432977	0.0243385616719064
0.0146922253941102	0.0154115357483219
0.00478655324330135	0.00669096371357923
0.013017092813199	0.0138290659181803
0.0240411478926996	0.0318773187463385
0.0211454510861208	0.0246605157176424
0.0096864543360276	0.0110694693530309
0.0104726427077184	0.0134629324055871
0.00257938950589565	0.00458775374760597
0.00858444643503667	0.0099653303784861
0.00791327385114711	0.0123168403851169
0.0136688080680162	0.0161487970830637
0.00912920283463446	0.0127255124578212
0.00701617196398565	0.0098615248762451
0.00405440710272333	0.00732094400927325
0.00796808221768531	0.00937128990696998
0.0238089590896711	0.026603299382832
0.0152535666268685	0.0179966448913934
0.0116167161600637	0.0131612679830833
0.00751614213542532	0.00797525496028754
0.0139475589689589	0.0167765846750551
0.0146137010733678	0.0168755217877861
0.0124298037986886	0.0131273805951126
0.0182580813421018	0.0201045476924725
0.0103048068215534	0.0127251330103327
0.012347380126448	0.0150381241079916
0.00745524821427983	0.00986112540331099
0.0123267436280471	0.0140045076153679
0.0077497378685595	0.00889780871763919
0.0136185632390514	0.0163286798855361
0.00496683902675614	0.00533157463321864
0.00567609392937332	0.00678881884124692
0.00523078470913457	0.0084741469050282
0.00372832174575895	0.0051315607708304
0.0104510350309197	0.0118666648980491
0.0120254076341573	0.0141258074346146
0.00557910848175958	0.00686771936387158
0.0130244871815652	0.0146454724103846
0.00943866630540313	0.0111700400290726
0.0105635190692664	0.0117112664354832
0.0329872243147133	0.0433711744050455
0.023203062775751	0.0319958038175719
0.00981299551129668	0.0111932998082967
0.00802781315728372	0.0114953702726083
0.00743005351805012	0.0107713365884018
0.00764384275163589	0.0106986761333128
0.0228465945684568	0.0333671250743851
0.02321206658826	0.0329229359240024
0.00567109027628363	0.00741962696131756
0.00964325061582098	0.013571907283557
0.013843675950163	0.0178257878236441
0.0204286458008505	0.0271856565885902
0.0276015978658721	0.0356579755142686
0.0285728636956045	0.0331865525174231
0.0253720246561358	0.0289905514191083
0.0216200996709452	0.0223971047742174
0.0146885989257159	0.0153855584131828
0.0112698402020585	0.0147795647774909
0.00404423989493033	0.0075705489078044
0.0199889174720578	0.024177491326788
0.0254414437061591	0.0297603514473518
0.0108605234317701	0.0132294784173696
0.0134896766566316	0.0213493123908623
0.0210491126216666	0.0385105598471518
0.0293052540343137	0.0427681649640256
0.0193222151524425	0.0236646198134402
0.0171940412516456	0.0214317507971343
0.0219882833423593	0.0361322998143154
0.0224824413203321	0.0361058021899596
0.0199203795430549	0.0210031014113584
0.0174445771969811	0.0181994254667867
0.0147676373790525	0.015423909715837
0.0220546465787191	0.0338508186117821
0.0163909335748731	0.0255789106786005
0.0071821708689841	0.00882384696168589
0.00839543303695032	0.0103564120109055
0.0061764402603787	0.00796085086663527
0.0172891314858159	0.0202001062160491
0.0258218565470592	0.0275492796831933
0.0113614013666838	0.0119843312304189
0.0132975433556999	0.0148789588716148
0.0186143750085042	0.0218746003806605
0.020496144784322	0.0265642044024209
0.0173392920323012	0.0244472256503617
0.00954448356848436	0.0142762405732692
0.0129246194547054	0.0136326952923904
0.0180075818828166	0.0325046211496979
0.0210872989249789	0.0410787011872548
0.01135749061301	0.0125340460151964
0.00747723135627737	0.00851390154013319
0.00951433367101147	0.0101757666878295
0.0036766118162444	0.00608779064406076
0.0206649933160549	0.0257173945558635
0.0219788057763502	0.0288026035069518
0.0149198064061176	0.0165648582189681
0.00692202031032409	0.00745354116334374
0.0203611002918621	0.0249715959129947
0.0232117380364236	0.0281940681699862
0.0101689985083818	0.0132993679461223
0.0164463119200127	0.017567133250248
0.0213744083918311	0.0227131001076797
0.0132064024096583	0.0163257287649209
0.0109341165987899	0.0137284324373891
0.0209200678892338	0.0269329195176114
0.017847367224525	0.0206705603489537
0.0103124636023019	0.0114715095379396
0.0137497901867027	0.0187092581289126
0.00717665699617849	0.0106450197197088
0.00869195610785613	0.0116553723843698
0.0152354289263055	0.0198038858556329
0.00591950921511413	0.00732768843926052
0.00467092319595722	0.00484638038406187
0.00411688773105845	0.00502988782743958
0.00336356718181544	0.00349704223004402
0.0105506240749234	0.0115026685017558
0.0145599539121433	0.0174946503461266
0.00877742018533761	0.0103077768016887
0.0105088990101369	0.0128279525956848
0.00803922097059981	0.00850176329136343
0.0131499561296481	0.0168945971613511
0.0159220509087695	0.0205425289165242
0.0170919055215891	0.019809800797662
0.0143080059071268	0.0242983343619696
0.00892145136290018	0.0189476425881237
0.00987893789599203	0.0143633934046327
0.00989990234232747	0.0126841023597516
0.0201487788787442	0.0241641313317121
0.00852123704413545	0.00936364177397134
0.0161756078105674	0.0262607442658704
0.0166423142350929	0.0259651682447427
0.00716367864247704	0.0106261501022628
0.00679634984385227	0.0138215750884189
0.00799798689695987	0.0172417885033525
0.0102975155768702	0.0140916480307428
0.00974875864154049	0.0136063790512012
0.0185831826552878	0.0255546437627689
0.0088921442875386	0.0134294788268167
0.00668020591154381	0.0105204696968957
0.0124856492049395	0.0164004716890945
0.00275035480691532	0.00345334732059788
0.00652241788842517	0.00833762800535539
0.00865645927133225	0.0101148561111062
0.00936078868614091	0.0191084642345171
0.0100601179699346	0.0215826115700484
0.00888774357724333	0.0110970892779428
0.00695507489252032	0.00917901689737893
0.00461485432459496	0.00694264336523282
0.0186648214608762	0.0250605027476914
0.0253703417776763	0.0294245829788108
0.0251554783096753	0.0288255344796848
0.0350108274909828	0.0463054983475865
0.0253448811100392	0.0304465635843177
0.0170197965523187	0.0338235609585508
0.0231365564637698	0.0475454222775012
0.0224407406425378	0.0419823851455247
0.0144212045344223	0.0171880756725509
0.0151465749810948	0.0214055554958797
0.0107823847459293	0.0139877153362882
0.0200642050358787	0.0228079535928582
0.00463936370537455	0.00526751871698533
0.0139714844580346	0.0206753422917858
0.0187198378100959	0.0255491369262905
0.00895112931918916	0.0099362494665065
0.00509236458744798	0.00597453368154737
0.0168529147658502	0.0207857352630898
0.0121155950993121	0.0151747480431305
0.0121737682037377	0.0167259256366895
0.0103499653025782	0.0215333022664297
0.0114676830372369	0.0211324424162541
0.0134524697829422	0.0221627152199311
0.00758193508597195	0.0177326054742082
0.0110539110773345	0.0184550609773817
0.0137454939843854	0.0160073916895323
0.0119606824331281	0.0142617529201129
0.0152660871608791	0.0194832247184278
0.0113039351456623	0.0133422605171037
0.00452421243930406	0.00695814397495246
0.00726755391394071	0.00864470255041357
0.0120126743217932	0.0136996485406681
0.0188406710158444	0.0385814731408553
0.0151443333476848	0.0311863448775219
0.0116089758652969	0.0163022490569239
0.0221993080099158	0.0240264364746037
0.026247806826318	0.0284162622225657
0.0114111843583445	0.0135342209110995
0.0105347044881799	0.0132970114133505
0.00672082817174665	0.0139547123334514
0.0085888245533822	0.0178422689912722
0.0147248606079021	0.035183331754237
0.0155148990191831	0.0354813559069835
0.00781818413044182	0.0165896019187722
0.00914424086812674	0.0200667420126916
0.0109238494635565	0.0156633982334415
0.0148432713227938	0.0193088676730321
0.00916380447040406	0.0108015071177469
0.0189913363547544	0.0204220072258944
0.0138917476856281	0.0153203774020316
0.0102463320466357	0.0108949265482173
0.00514283004963581	0.00751939913394816
0.0134173255263146	0.0186862493343409
0.0176440294006346	0.0242307676094888
0.0182069127319964	0.0258459716172575
0.00703767119368507	0.00801889213915135
0.0105411998149723	0.0154721210708524
0.0100109501775995	0.0122367821260798
0.00950730980842564	0.0121135045034648
0.00465387092774653	0.00730228018103163
0.00617811530171828	0.00868497025310876
0.00642842051201502	0.00967431175878008
0.0111121123340277	0.0124969718948689
0.0102789149466258	0.011587921523816
0.0114995555304686	0.0181880351265982
0.00852111548715815	0.0137135556673387
0.0106006492138026	0.0191161278251868
0.016429221533625	0.027912329539807
0.00501450843592091	0.00628649265475977
0.00412122622992033	0.00486639219463968
0.0114168743692122	0.0126942879267584
0.0152006606591234	0.0168864444740157
0.00686756139630686	0.0131353612682992
0.0196642219903834	0.0246405265038265
0.0186783239888231	0.0226235370171821
0.0138579049273632	0.0199096310930339
0.00881890038050064	0.00951854443632987
0.0139467381095589	0.0190636271267737
0.0220331659644409	0.0296017917969165
0.00407341335495277	0.00497173392568317
0.00468672230854333	0.00487365665206677
0.0122102227493526	0.0162028717957785
0.0124799852353876	0.0132641260163307
0.0146913906707398	0.0161937238742706
0.013930459454644	0.0173114593247918
0.010028003872386	0.012391296299743
0.00985740717471566	0.0120600337936884
0.00634164592650844	0.0066744682917114
0.0120336983494121	0.0172567802309955
0.0154729654978498	0.0204578694765767
0.0160957482703898	0.019924231267825
0.00620925095897461	0.00810740959861
0.0144469243140813	0.0175615305196899
0.0070265274890422	0.0100150584270452
0.0100811776551074	0.011923903066511
0.00600803189732654	0.00650393314962178
0.00525391508080058	0.00853956709090917
0.00977707421639861	0.0135508449089375
0.00943216814936009	0.0114409780503717
0.0243750921516327	0.0283139947553884
0.00937717749150428	0.0116774892458981
0.00824063662921692	0.0108872050730078
0.0221886613728123	0.0245798396806564
0.0208371483307988	0.0248632960184595
0.00783092327557825	0.0108742556345616
0.0126634536229178	0.0239286441461175
0.0188998401684376	0.027622434192255
0.011376160702711	0.014727519678976
0.006918360752813	0.0115146367748447
0.00536175656637362	0.0069467204210743
0.0153302518032123	0.0189015455105332
0.0159064455636079	0.0191063159902941
0.0128578099831911	0.0167672415155477
0.0129740009352088	0.0142894806107273
0.0130863590331355	0.0172541445430286
0.0113857641832972	0.0232536152327111
0.0161550009280896	0.0263987865001709
0.0102764458090297	0.0129703192821286
0.00256099519760254	0.0039668606775801
0.0074162323666309	0.0102227755484954
0.012852803977285	0.0169464453343056
0.0145897743786331	0.0190262506454941
0.0152755973042204	0.0157883677435946
0.013720383343375	0.0288026311482833
0.013165212888217	0.0242804423075746
0.00953344382827033	0.0112386458042028
0.00674705951528688	0.00786273612623357
0.0194573757977642	0.0395973010171443
0.0195488768928452	0.0399594522724051
0.0045146327548771	0.00511797067254438
0.0129591099917578	0.0166456330541993
0.0136768131774847	0.0197926639884095
0.0175173131868692	0.0244972236189719
0.00978722878161526	0.0143992904137153
0.010092629299557	0.0147418442504767
0.0116492309532423	0.0141699234646692
0.0190270310093359	0.0252161542377477
0.00515951518687685	0.00877600954743621
0.00859796750951049	0.011399564813264
0.0102637664594492	0.0145776314139372
0.0133915610708811	0.0166842459611798
0.0131606237433133	0.0167698992361651
0.0091389370336045	0.0112362206156569
0.00978126076165076	0.0109203370993166
0.0139566937260842	0.0172827398596186
0.0265185829005384	0.0344386742206711
0.0159144307191626	0.0197526230575246
0.0108692683899716	0.0125271071636439
0.00235805040467798	0.00332555376915358
0.0182891626224697	0.0245205069689581
0.0151838562858077	0.0211694667619894
0.0131410325966309	0.0176048789412961
0.0139721132734374	0.0164308967782783
0.0109621621319864	0.0138922267318285
0.00826596850725176	0.0117990138961879
0.00957324525218664	0.0118368174515659
0.0114975276215261	0.0276514191331283
0.030894400802044	0.0325997003832853
0.029193291780574	0.0335127557216422
0.0148290983754641	0.0284066626210702
0.0135917890644262	0.0275638632813925
0.00568852490590786	0.0128888611227724
0.0123838362994074	0.0202663529906011
0.012251701080607	0.0234549378996159
0.0101580856495521	0.0142214295243661
0.0146599839565946	0.0168133148775856
0.0189473727727572	0.0288729630059939
0.00477765595022797	0.00729411778655783
0.00794689646120528	0.0125232211688288
0.0203120573330357	0.0259943298370422
0.0198579037735224	0.0298976270136961
0.0124115781137623	0.0152246547681972
0.00636741272841864	0.010195193378222
0.0150704955265362	0.0222601718400158
0.00711371067021477	0.0112573997291457
0.00509752269835378	0.00654270353774796
0.00624289119743036	0.0153936499526812
0.00531886891764164	0.0113798318881734
0.00734811869324093	0.0114420662693119
0.00690747704526845	0.00749551551898566
0.0132593667588706	0.0167397925958851
0.0123256078590112	0.0238171059326919
0.0157344082376536	0.0282844115421288
0.00606220937692929	0.00874141421491313
0.00612961038340112	0.0090052086089096
0.00626471526647327	0.00948897987299342
0.0129786233087008	0.0193648117226755
0.0123962967713743	0.0165626267014151
0.0177659465747862	0.0197635715057787
0.0117677627559773	0.0140277294146911
0.0103630985577982	0.0149357820888656
0.0137049732339954	0.0179656804206795
0.0151517302506854	0.0297598321584587
0.0190995764921839	0.0228391603006776
0.018598575969263	0.0257507458795526
0.0150520786717144	0.0232832025540663
0.00499343707923599	0.00591812152371978
0.0184227558282652	0.0237129840688828
0.0109310196437054	0.0141463789620796
0.00951281198867672	0.0130149609996148
0.0187041724764857	0.02402274061198
0.0107286695562235	0.0133939728685869
0.00286397434389723	0.00334309905664265
0.00661786219227367	0.0135457758414768
0.0132998401527662	0.0168870502359995
0.0134270227240144	0.0177379206732787
0.0171860532396063	0.0250452217836664
0.0163593536943755	0.0208578764151829
0.0187627412346254	0.0318936490228567
0.0121975085297478	0.0183490638431432
0.00931690972000328	0.0175635055777735
0.00966333655338988	0.0209809112446617
0.0121609139273393	0.0232127475777259
0.0104311124992796	0.0117457427772655
0.0120698569078129	0.0133797369634319
0.0149703075690593	0.0187162637589119
0.0147064809594419	0.018329284116164
0.0126928797561296	0.0150869926267104
0.00676531223108191	0.00947114585361636
0.0131576658938372	0.0157714764268036
0.00640101193202541	0.0099796868724141
0.016007271040023	0.0179737114341427
0.0120407552413255	0.0144181849478262
0.00687108989012446	0.00827556209650064
0.0162660166702267	0.0233600598090456
0.011564492263438	0.0245999063581367
0.0146750202045808	0.0327897962678239
0.00951528829326917	0.0143932393347159
0.0185852366984651	0.0286788313121452
0.00481724294617201	0.00529261812392931
0.0213962000852389	0.030975996387256
0.00721868485642816	0.0128864645569775
0.0145354164741661	0.0221224366741896
0.0115425189315067	0.0134063462718314
0.0313808738366526	0.0382395115023359
0.0180510469065338	0.0196967365335258
0.00809582603038743	0.0108374162602723
0.00433048369575365	0.00621914009768967
0.00504788377020536	0.00706004200791553
0.00832953256742548	0.0102330189756806
0.00976791548100851	0.0149677032375905
0.00800593036276025	0.0128218456730286
0.00517677243749481	0.01007402636747
0.00426683003428558	0.00610332032035896
0.0153820524694766	0.0196158628545771
0.0181454917428535	0.0214559483643812
0.00905439802340495	0.0140617403594217
0.00623756407160007	0.0131386612424247
0.00521108502130676	0.0105924635602066
0.00826079863922641	0.0141099022303086
0.0150437159506402	0.0195852882106038
0.0126941177685941	0.0152193317803216
0.00997657861263749	0.0131223757382282
0.011962284686415	0.0285465225337896
0.0137277786171219	0.0316499199616566
0.0101202607379305	0.0130105181822743
0.00444161439376415	0.00466144849121461
0.0102784603522405	0.0125611939309776
0.0124465879657742	0.0133599775173239
0.0151236342725131	0.0196084340379554
0.00675468324827171	0.00812842661317616
0.0107788448769017	0.0196539758997558
0.0171700679637835	0.0307932745058484
0.0148687205288625	0.0218251965209905
0.0188223333365018	0.0342403275407794
0.0108821794043223	0.0252927345599863
0.0135263793239024	0.0147612986035219
0.0105020195844788	0.0144857350663587
0.0110365559349856	0.0192236082457523
0.0157665052807519	0.0222536742162695
0.00898029197559527	0.0117671232693169
0.0147483823111784	0.0254410569129346
0.017190114823098	0.02842846265447
0.0137144028383319	0.0228450466394134
0.0101902916262791	0.0165766896973791
0.00518252480096289	0.00768376404669372
0.0109670512908137	0.0139466099002458
0.00801994862236162	0.00955397779628549
0.0133239858056883	0.0293674398319344
0.0110769586927696	0.025509919966269
0.0266080070538599	0.0453792368223782
0.0200241910875716	0.0368842570258276
0.0086987688275684	0.00995053655578432
0.00970868164804984	0.0171315883663135
0.0102545684986351	0.0152937730455041
0.0141279076107444	0.0148570184379381
0.00586152747276261	0.00948992561967734
0.00737239740883382	0.01073615648474
0.014157543487094	0.0238257360918379
0.0137719108121442	0.0241118077263124
0.00684107693732067	0.00741459433811837
0.00945302774660775	0.0132247450069505
0.0185444535599273	0.0243483579689949
0.0137908281845451	0.0222658932929592
0.0234527281275977	0.0260063877052492
0.015351217783107	0.033041361131648
0.0180653120743694	0.0376480356659992
0.00566293245529305	0.0110460325294194
0.0109680768031546	0.0191647686832794
0.0125122266631084	0.0226893690857775
0.0151490629831177	0.0241163455200581
0.0103491385830474	0.0143304353176915
0.00458035926596908	0.00598218891906023
0.00481091440383332	0.00617611557663622
0.00685048278913575	0.00972711550165684
0.0036144388576279	0.00524117988778735
0.00321752356878248	0.0053190574921034
0.00644954223232364	0.00744705814220047
0.00994921317845462	0.0125061993244943
0.0131001688302525	0.0142360929838984
0.00822612244869722	0.0105692503659053
0.00327980284947622	0.00669211481189086
0.00412315443950077	0.00726962561012758
0.00790462378103755	0.0169629753426976
0.0103947741142012	0.0202379848061191
0.0136313113577704	0.0211967568260886
0.0168172236820521	0.0218635057442107
0.0152687652480805	0.0180134215273018
0.00857508616523673	0.0121468983206078
0.002280211479504	0.00341034927414393
0.0105098613994695	0.0124510771706639
0.0084021849093462	0.00941045418157738
0.0109350553177979	0.0123219449689913
0.0214887048406991	0.0238501914824863
0.0198199181330455	0.0253255076298904
0.0180603081780992	0.0360539115608657
0.0209496524779631	0.0384373655921261
0.0127269598859237	0.0292943037845379
0.012586254774332	0.0282114890528301
0.0208616440822305	0.049540347224125
0.0243489792928135	0.058464167920241
0.0267535027656239	0.0403870377327489
0.0221052571896981	0.031792830302936
0.00733345027418607	0.0101584597992152
0.0148559075074029	0.0239942557484073
0.0139682419885928	0.0285608289280169
0.0169743932668697	0.0307667166561947
0.0235149144990243	0.038220498515295
0.0237889628483537	0.0336257380497889
0.0298038455111149	0.0395750345956356
0.0133979995965976	0.0168801600591155
0.00900722451009361	0.0155319879058978
0.0179357678163361	0.0233580328551919
0.022692382311488	0.0319138998681318
0.0143983373768885	0.0260095782189745
0.00941358928106877	0.0104512208296565
0.0116937045464908	0.0151368740926092
0.0116043383505101	0.017429186365537
0.0105497768315677	0.0138309807730994
0.0199223656588516	0.0247064505672951
0.0138415502945646	0.01538208335192
0.0279757911785232	0.0332316974570581
0.0280785017979741	0.0393065146566835
0.0191039789835871	0.0260831623358321
0.0234266473596145	0.031548153111539
0.0196602884688953	0.0226001601288785
0.0252624405407684	0.0363953109365694
0.0163571037893358	0.0234080322955806
0.0220390329053978	0.0250448727160204
0.0145317192909115	0.0200573844179297
0.00875641259124448	0.0105595135311949
0.0079671845177542	0.0104678146301171
0.00695524412881547	0.00904365408487095
0.00833089207933632	0.0098140855315164
0.00857731332955141	0.0114863313141292
0.0149979968147744	0.0178339881887845
0.0136561370401155	0.0173632665278454
0.00887219772896895	0.00946128966806498
0.00628342728415836	0.00809945261155801
0.00312972098685145	0.00447109299174593
0.00675204096641063	0.0108308438955055
0.0148737799500118	0.0199491301614206
0.0086414047751898	0.013097485963196
0.0198417781944622	0.0258918082186771
0.0230164113105506	0.0418878236247835
0.0144738398419039	0.0332745206591507
0.00607682563926227	0.00956426174020627
0.0114330489833813	0.0174764543517478
0.00772081197543011	0.0119226944395004
0.0169981957880726	0.0180580909189134
0.0173150429819982	0.0253116902541262
0.0136622205854256	0.0167128447292792
0	0
